0,	1,	1.00000
1,	1,	1.00000
2,	3,	1.20000
3,	2,	1.28000
4,	2,	1.35200
5,	1,	1.31680
6,	3,	1.48512
7,	3,	1.63661
8,	3,	1.77295
9,	6,	2.19565
10,	2,	2.17609
11,	2,	2.15848
12,	3,	2.24263
13,	2,	2.21837
14,	4,	2.39653
15,	4,	2.55688
16,	12,	3.50119
17,	7,	3.85107
18,	2,	3.66596
19,	1,	3.39937
20,	1,	3.15943
21,	1,	2.94349
22,	5,	3.14914
23,	3,	3.13423
24,	1,	2.92080
25,	3,	2.92872
26,	10,	3.63585
27,	3,	3.57227
28,	2,	3.41504
29,	3,	3.37353
30,	5,	3.53618
31,	7,	3.88256
32,	7,	4.19431
33,	3,	4.07488
34,	6,	4.26739
35,	1,	3.94065
36,	1,	3.64658
37,	1,	3.38193
38,	3,	3.34373
39,	10,	4.00936
40,	7,	4.30842
41,	4,	4.27758
42,	6,	4.44982
43,	7,	4.70484
44,	3,	4.53436
45,	6,	4.68092
46,	1,	4.31283
47,	1,	3.98155
48,	6,	4.18339
49,	3,	4.06505
50,	6,	4.25855
51,	12,	5.03269
52,	2,	4.72942
53,	5,	4.75648
54,	2,	4.48083
55,	4,	4.43275
56,	2,	4.18947
57,	5,	4.27053
58,	5,	4.34347
59,	4,	4.30913
60,	20,	5.87821
61,	3,	5.59039
62,	4,	5.43135
63,	5,	5.38822
64,	1,	4.94940
65,	12,	5.65446
66,	1,	5.18901
67,	17,	6.37011
68,	1,	5.83310
69,	1,	5.34979
70,	6,	5.41481
71,	1,	4.97333
72,	1,	4.57600
73,	3,	4.41840
74,	5,	4.47656
75,	2,	4.22890
76,	4,	4.20601
77,	2,	3.98541
78,	2,	3.78687
79,	9,	4.30818
80,	3,	4.17736
81,	1,	3.85963
82,	5,	3.97366
83,	7,	4.27630
84,	20,	5.84867
85,	2,	5.46380
86,	7,	5.61742
87,	1,	5.15568
88,	14,	6.04011
89,	1,	5.53610
90,	7,	5.68249
91,	5,	5.61424
92,	5,	5.55282
93,	5,	5.49754
94,	4,	5.34778
95,	7,	5.51300
96,	1,	5.06170
97,	4,	4.95553
98,	1,	4.55998
99,	25,	6.60398
100,	1,	6.04358
101,	4,	5.83923
102,	5,	5.75530
103,	9,	6.07977
104,	2,	5.67180
105,	2,	5.30462
106,	7,	5.47415
107,	4,	5.32674
108,	1,	4.89406
109,	1,	4.50466
110,	2,	4.25419
111,	4,	4.22877
112,	2,	4.00590
113,	12,	4.80531
114,	6,	4.92478
115,	7,	5.13230
116,	11,	5.71907
117,	14,	6.54716
118,	7,	6.59245
119,	2,	6.13320
120,	1,	5.61988
121,	6,	5.65789
122,	17,	6.79210
123,	10,	7.11289
124,	4,	6.80160
125,	33,	9.42144
126,	22,	10.67930
127,	22,	11.81137
128,	10,	11.63023
129,	48,	15.26721
130,	3,	14.04049
131,	20,	14.63644
132,	8,	13.97280
133,	10,	13.57552
134,	1,	12.31796
135,	4,	11.48617
136,	12,	11.53755
137,	12,	11.58380
138,	13,	11.72542
139,	4,	10.95287
140,	9,	10.75759
141,	17,	11.38183
142,	12,	11.44365
143,	8,	11.09928
144,	22,	12.18935
145,	18,	12.77042
146,	2,	11.69338
147,	3,	10.82404
148,	36,	13.34163
149,	22,	14.20747
150,	24,	15.18672
151,	21,	15.76805
152,	16,	15.79125
153,	13,	15.51212
154,	7,	14.66091
155,	48,	17.99482
156,	30,	19.19534
157,	28,	20.07580
158,	7,	18.76822
159,	20,	18.89140
160,	3,	17.30226
161,	6,	16.17203
162,	6,	15.15483
163,	25,	16.13935
164,	19,	16.42541
165,	1,	14.88287
166,	1,	13.49458
167,	14,	13.54513
168,	24,	14.59061
169,	18,	14.93155
170,	3,	13.73840
171,	46,	16.96456
172,	10,	16.26810
173,	9,	15.54129
174,	30,	16.98716
175,	22,	17.48845
176,	68,	22.53960
177,	64,	26.68564
178,	28,	26.81708
179,	30,	27.13537
180,	117,	36.12183
181,	127,	45.20965
182,	25,	43.18868
183,	28,	41.66982
184,	11,	38.60283
185,	7,	35.44255
186,	134,	45.29830
187,	249,	65.76847
188,	227,	81.89162
189,	249,	98.70246
190,	71,	95.93221
191,	32,	89.53899
192,	126,	93.18509
193,	6,	84.46658
194,	249,	101.01992
195,	249,	115.91793
196,	131,	117.42614
197,	249,	130.68352
198,	91,	126.71517
199,	15,	115.54366
200,	249,	128.98929
201,	249,	141.09036
202,	249,	151.98132
203,	249,	161.78319
204,	202,	165.80487
205,	249,	174.22439
206,	233,	180.10195
207,	69,	168.99175
208,	249,	177.09258
209,	249,	184.38332
210,	249,	190.94499
211,	249,	196.85049
212,	21,	179.26544
213,	249,	186.33890
214,	92,	176.90501
215,	249,	184.21451
216,	249,	190.79306
217,	176,	189.31375
218,	249,	195.38237
219,	249,	200.84414
220,	249,	205.75972
221,	249,	210.18375
222,	70,	196.16538
223,	249,	201.54884
224,	249,	206.39395
225,	249,	210.75456
226,	148,	204.47910
227,	249,	209.03119
228,	2,	188.32807
229,	189,	188.39527
230,	249,	194.55574
231,	249,	200.10017
232,	94,	189.49015
233,	249,	195.54113
234,	249,	200.98702
235,	249,	205.88832
236,	249,	210.29949
237,	249,	214.26954
238,	2,	193.04258
239,	249,	198.73833
240,	242,	203.06449
241,	249,	207.75804
242,	249,	211.98224
243,	249,	215.78402
244,	175,	211.70561
245,	249,	215.53505
246,	77,	201.68155
247,	81,	189.61339
248,	249,	195.65205
249,	249,	201.08685
250,	249,	205.97816
251,	219,	207.28035
252,	249,	211.55231
253,	249,	215.39708
254,	249,	218.85737
255,	249,	221.97164
256,	249,	224.77447
257,	249,	227.29702
258,	249,	229.56732
259,	249,	231.61059
260,	249,	233.44953
261,	145,	224.60458
262,	3,	202.44412
263,	249,	207.19971
264,	249,	211.47974
265,	249,	215.33176
266,	249,	218.79859
267,	249,	221.91873
268,	249,	224.72686
269,	249,	227.25417
270,	249,	229.52875
271,	198,	226.37588
272,	249,	228.73829
273,	249,	230.86446
274,	226,	230.37801
275,	249,	232.34021
276,	249,	234.10619
277,	249,	235.69557
278,	249,	237.12602
279,	249,	238.41341
280,	249,	239.57207
281,	249,	240.61487
282,	249,	241.55338
283,	249,	242.39804
284,	249,	243.15824
285,	249,	243.84241
286,	249,	244.45817
287,	249,	245.01235
288,	249,	245.51112
289,	249,	245.96001
290,	2,	221.56401
291,	249,	224.40761
292,	249,	226.96685
293,	159,	220.17016
294,	249,	223.15314
295,	249,	225.83783
296,	249,	228.25405
297,	249,	230.42864
298,	249,	232.38578
299,	249,	234.14720
300,	6,	211.33248
301,	249,	215.19923
302,	74,	201.07931
303,	249,	205.97138
304,	249,	210.37424
305,	217,	211.03682
306,	2,	190.13313
307,	249,	196.11982
308,	84,	184.90784
309,	249,	191.41706
310,	249,	197.27535
311,	249,	202.54781
312,	249,	207.29303
313,	3,	186.86373
314,	249,	193.17736
315,	2,	174.05962
316,	81,	164.75366
317,	195,	167.77829
318,	249,	176.00046
319,	249,	183.40042
320,	249,	190.06038
321,	109,	181.95434
322,	249,	188.75890
323,	2,	170.08301
324,	249,	178.07471
325,	249,	185.26724
326,	249,	191.74052
327,	249,	197.56647
328,	249,	202.80982
329,	23,	184.82884
330,	249,	191.34595
331,	2,	172.41136
332,	165,	171.67022
333,	249,	179.50320
334,	184,	179.95288
335,	249,	186.95759
336,	249,	193.26183
337,	19,	175.83565
338,	249,	183.25208
339,	1,	165.02688
340,	249,	173.52419
341,	249,	181.17177
342,	249,	188.05459
343,	223,	191.54913
344,	249,	197.39422
345,	249,	202.65480
346,	1,	182.48932
347,	249,	189.24039
348,	249,	195.31635
349,	29,	178.68471
350,	249,	185.81624
351,	249,	192.23462
352,	249,	198.01116
353,	249,	203.21004
354,	249,	207.88904
355,	249,	212.10013
356,	249,	215.89012
357,	1,	194.40111
358,	249,	199.96100
359,	229,	202.86490
360,	199,	202.47841
361,	249,	207.23057
362,	249,	211.50751
363,	249,	215.35676
364,	249,	218.82108
365,	249,	221.93897
366,	249,	224.74508
367,	249,	227.27057
368,	91,	213.64351
369,	195,	211.77916
370,	17,	192.30125
371,	249,	198.07112
372,	249,	203.26401
373,	249,	207.93761
374,	249,	212.14385
375,	249,	215.92946
376,	249,	219.33652
377,	249,	222.40286
378,	249,	225.16258
379,	249,	227.64632
380,	249,	229.88169
381,	122,	219.09352
382,	1,	197.28417
